"edu_FM" "labour_FM" "edu_exp" "life_exp" "GNI" "mat_mort_ratio" "adol_birthrate" "rep_parliament"
"Norway" 1.00723888314374 61.2 17.5 81.6 64992 4 7.8 39.6
"Australia" 0.996828752642706 58.8 20.2 82.4 42261 6 12.1 30.5
"Switzerland" 0.98343685300207 61.8 15.8 83 56431 6 1.9 28.5
"Denmark" 0.988612836438924 58.7 18.7 80.2 44025 5 5.1 38
"Netherlands" 0.969060773480663 58.5 17.9 81.6 45435 6 6.2 36.9
"Germany" 0.992783505154639 53.6 16.5 80.9 43919 7 3.8 36.9
"Ireland" 1.02417302798982 53.1 18.6 80.9 39568 9 8.2 19.9
"United States" 1.00316455696203 56.3 16.5 79.1 52947 28 31 19.4
"Canada" 1 61.6 15.9 82 42155 11 14.5 28.2
"New Zealand" 0.99685204616999 62 19.2 81.8 32689 8 25.3 31.4
"Singapore" 0.914814814814815 58.8 15.4 83 76628 6 6 25.3
"Sweden" 0.990836197021764 60.3 15.8 82.2 45636 4 6.5 43.6
"United Kingdom" 0.998998998998999 55.7 16.2 80.7 39267 8 25.8 23.5
"Iceland" 0.993449781659389 70.5 19 82.6 35182 4 11.5 41.3
"Korea (Republic of)" 0.864197530864198 50.1 16.9 81.9 33890 27 2.2 16.3
"Israel" 0.966781214203895 57.9 16 82.4 30676 2 7.8 22.5
"Luxembourg" 1 50.7 13.9 81.7 58711 11 8.3 28.3
"Japan" 1.01398601398601 48.8 15.3 83.5 36927 6 5.4 11.6
"Belgium" 0.934861278648975 47.5 16.3 80.8 41187 6 6.7 42.4
"France" 0.9375 50.7 16 82.2 38056 12 5.7 25.7
"Austria" 1 54.6 15.7 81.4 43869 4 4.1 30.3
"Finland" 1 55.7 17.1 80.8 38695 4 9.2 42.5
"Slovenia" 0.977551020408163 52.3 16.8 80.4 27852 7 0.6 27.7
"Spain" 0.913816689466484 52.5 17.3 82.6 32045 4 10.6 38
"Italy" 0.884472049689441 39.6 16 83.1 33030 4 4 30.1
"Czech Republic" 1.00200601805416 51.1 16.4 78.6 26660 5 4.9 18.9
"Greece" 0.888059701492537 44.2 17.6 80.9 24524 5 11.9 21
"Estonia" 1 56.2 16.5 76.8 25214 11 16.8 19.8
"Cyprus" 0.930232558139535 56 14 80.2 28633 10 5.5 12.5
"Qatar" 1.13050847457627 50.8 13.8 78.2 123124 6 9.5 0
"Slovakia" 0.995979899497487 51.1 15.1 76.3 25845 7 15.9 18.7
"Poland" 0.928654970760234 48.9 15.5 77.4 23177 3 12.2 22.1
"Lithuania" 0.944856839872746 55.8 16.4 73.3 24500 11 10.6 23.4
"Malta" 0.877237851662404 37.9 14.4 80.6 27930 9 18.2 13
"Saudi Arabia" 0.860597439544808 20.2 16.3 74.3 52821 16 10.2 19.9
"Argentina" 0.977430555555555 47.5 17.9 76.3 22050 69 54.4 36.8
"United Arab Emirates" 1.19444444444444 46.5 13.3 77 60868 8 27.6 17.5
"Chile" 0.959424083769633 49.2 15.2 81.7 21290 22 55.3 15.8
"Portugal" 0.989626556016598 54.9 16.3 80.9 25757 8 12.6 31.3
"Hungary" 0.991894630192503 44.8 15.4 75.2 22916 14 12.1 10.1
"Bahrain" 1.10311284046693 39.2 14.4 76.6 38599 22 13.8 15
"Latvia" 0.998989898989899 54.9 15.2 74.2 22281 13 13.5 18
"Croatia" 0.908119658119658 44.7 14.8 77.3 19409 13 12.7 25.8
"Kuwait" 0.987566607460036 43.6 14.7 74.4 83961 14 14.5 1.5
"Montenegro" 0.889123548046463 43 15.2 76.2 14558 7 15.2 17.3
"Belarus" 0.943600867678959 50.1 15.7 71.3 16676 1 20.6 30.1
"Russian Federation" 0.968648648648649 57.1 14.7 70.1 22352 24 25.7 14.5
"Oman" 0.82661996497373 29 13.6 76.8 34858 11 10.6 9.6
"Romania" 0.935869565217391 48.7 14.2 74.7 18108 33 31 12
"Uruguay" 1.08151093439364 55.6 15.5 77.2 19283 14 58.3 11.5
"Bahamas" 1.04109589041096 69.3 12.6 75.4 21336 37 28.5 16.7
"Kazakhstan" 0.964574898785425 67.7 15 69.4 20867 26 29.9 20.1
"Barbados" 1.02052451539339 65.9 15.4 75.6 12488 52 48.4 19.6
"Bulgaria" 0.971786833855799 47.9 14.4 74.2 15596 5 35.9 20.4
"Panama" 1.08216432865731 49 13.3 77.6 18192 85 78.5 19.3
"Malaysia" 0.91304347826087 44.4 12.7 74.7 22762 29 5.7 14.2
"Mauritius" 0.851724137931034 43.6 15.6 74.4 17470 73 30.9 11.6
"Trinidad and Tobago" 0.980295566502463 53 12.3 70.4 26090 84 34.8 24.7
"Serbia" 0.793478260869565 44.5 14.4 74.9 12190 16 16.9 34
"Cuba" 0.942893401015228 43.4 13.8 79.4 7301 80 43.1 48.9
"Lebanon" 0.956678700361011 23.3 13.8 79.3 16509 16 12 3.1
"Costa Rica" 1.0039603960396 46.6 13.9 79.4 13413 38 60.8 33.3
"Iran (Islamic Republic of)" 0.920118343195266 16.6 15.1 75.4 15440 23 31.6 3.1
"Venezuela (Bolivarian Republic of)" 1.11417322834646 51.1 14.2 74.2 16159 110 83.2 17
"Turkey" 0.65 29.4 14.5 75.3 18677 20 30.9 14.4
"Sri Lanka" 0.951570680628272 35.1 13.7 74.9 9779 29 16.9 5.8
"Mexico" 0.919141914191419 45.1 13.1 76.8 16056 49 63.4 37.1
"Brazil" 1.04198473282443 59.4 15.2 74.5 15175 69 70.8 9.6
"Georgia" 0.967637540453074 56.5 13.8 74.9 7164 41 46.8 11.3
"Azerbaijan" 0.962012320328542 62.9 11.9 70.8 16428 26 40 15.6
"Jordan" 0.885350318471338 15.6 13.5 74 11365 50 26.5 11.6
"The former Yugoslav Republic of Macedonia" 0.723021582733813 43.1 13.4 75.4 11780 7 18.3 33.3
"Ukraine" 0.956204379562044 53.2 15.1 71 8178 23 25.7 11.8
"Algeria" 0.861290322580645 15.2 14 74.8 13054 89 10 25.7
"Peru" 0.851739788199697 68.2 13.1 74.6 11015 89 50.7 22.3
"Albania" 0.930602957906712 44.9 11.8 77.8 9943 21 15.3 20.7
"Armenia" 0.989473684210526 54.2 12.3 74.7 8124 29 27.1 10.7
"Bosnia and Herzegovina" 0.643266475644699 34.1 13.6 76.5 9638 8 15.1 19.3
"Ecuador" 1.01776649746193 54.7 14.2 75.9 10605 87 77 41.6
"China" 0.816411682892907 63.9 13.1 75.8 12547 32 8.6 23.6
"Fiji" 0.995348837209302 37.5 15.7 70 7493 59 42.8 14
"Mongolia" 1.01426872770511 56.6 14.6 69.4 10729 68 18.7 14.9
"Thailand" 0.875 64.3 13.5 74.4 13323 26 41 6.1
"Libya" 1.32458233890215 30 14 71.6 14911 15 2.5 16
"Tunisia" 0.711496746203904 25.1 14.6 74.8 10404 46 4.6 31.3
"Colombia" 1.02338129496403 55.8 13.5 74 12040 83 68.5 20.9
"Jamaica" 1.05413105413105 56.1 12.4 75.7 7415 80 70.1 16.7
"Tonga" 0.990939977349943 53.5 14.7 72.8 5069 120 18.1 0
"Belize" 1.00791556728232 49.2 13.6 70 7614 45 71.4 13.3
"Dominican Republic" 1.04708097928437 51.3 13.1 73.5 11883 100 99.6 19.1
"Suriname" 0.94692144373673 40.5 12.7 71.1 15617 130 35.2 11.8
"Maldives" 0.834862385321101 56.2 13 76.8 12328 31 4.2 5.9
"Samoa" 1.07166666666667 23.5 12.9 73.4 5327 58 28.3 6.1
"Botswana" 0.944801026957638 71.9 12.5 64.5 16646 170 44.2 9.5
"Moldova (Republic of)" 0.968944099378882 37.6 11.9 71.6 5223 21 29.3 20.8
"Egypt" 0.724422442244224 23.7 13.5 71.1 10512 45 43 2.2
"Gabon" 1.49307479224377 56.2 12.5 64.4 16367 240 103 16.2
"Indonesia" 0.810975609756098 51.4 13 68.9 9788 190 48.3 17.1
"Paraguay" 0.855813953488372 55.7 11.9 72.9 7643 110 67 16.8
"Philippines" 1.03453689167975 51.1 11.3 68.2 7915 120 46.8 27.1
"El Salvador" 0.844036697247706 47.8 12.3 73 7349 69 76 27.4
"South Africa" 0.957839262187088 44.5 13.6 57.4 12122 140 50.9 40.7
"Viet Nam" 0.834269662921348 73 11.9 75.8 5092 49 29 24.3
"Bolivia (Plurinational State of)" 0.805414551607445 64.2 13.2 68.3 5760 200 71.9 51.8
"Kyrgyzstan" 0.976239669421488 56 12.5 70.6 3044 75 29.3 23.3
"Iraq" 0.553784860557769 14.9 10.1 69.4 14003 67 68.7 26.5
"Guyana" 1.26150627615063 42.6 10.3 66.4 6522 250 88.5 31.3
"Nicaragua" 1.02872062663185 47.4 11.5 74.9 4457 100 100.8 39.1
"Morocco" 0.685430463576159 26.5 11.6 74 6850 120 35.8 11
"Namibia" 0.968023255813953 54.7 11.3 64.8 9418 130 54.9 37.7
"Guatemala" 0.943965517241379 49.3 10.7 71.8 6929 140 97.2 13.3
"Tajikistan" 1.04276315789474 58.9 11.2 69.4 2517 44 42.8 15.2
"India" 0.477031802120141 27 11.7 68 5497 190 32.8 12.2
"Honduras" 1.08527131782946 42.8 11.1 73.1 3938 120 84 25.8
"Bhutan" 0.985507246376812 66.7 12.6 69.5 7176 120 40.9 8.3
"Syrian Arab Republic" 0.728395061728395 13.5 12.3 69.6 2728 49 41.6 12.4
"Congo" 0.84468085106383 68.5 11.1 62.3 6012 410 126.7 11.5
"Zambia" 0.586363636363636 73.1 13.5 60.1 3734 280 125.4 12.7
"Ghana" 0.698608964451314 67.3 11.5 61.4 3852 380 58.4 10.9
"Bangladesh" 0.825665859564165 57.4 10 71.6 3191 170 80.6 20
"Cambodia" 0.432314410480349 78.8 10.9 68.4 2949 170 44.3 19
"Kenya" 0.805732484076433 62.2 11 61.6 2762 400 93.6 20.8
"Nepal" 0.463350785340314 79.9 12.4 69.6 2311 190 73.7 29.5
"Pakistan" 0.418655097613883 24.6 7.8 66.2 4866 170 27.3 19.7
"Myanmar" 1.49673202614379 75.2 8.6 65.9 4608 200 12.1 4.7
"Swaziland" 0.842307692307692 43.9 11.3 49 5542 310 72 14.7
"Tanzania (United Republic of)" 0.589473684210526 88.1 9.2 65 2411 410 122.7 36
"Cameroon" 0.610315186246418 63.8 10.4 55.5 2803 590 115.8 27.1
"Zimbabwe" 0.785483870967742 83.2 10.9 57.5 1615 470 60.3 35.1
"Mauritania" 0.397129186602871 28.7 8.5 63.1 3560 320 73.3 22.2
"Papua New Guinea" 0.524137931034483 70.5 9.9 62.6 2463 220 62.1 2.7
"Yemen" 0.322097378277154 25.4 9.2 63.8 3519 270 47 0.7
"Lesotho" 1.15263157894737 59 11.1 49.8 3306 490 89.4 26.8
"Togo" 0.399503722084367 80.6 12.2 59.7 1228 450 91.5 17.6
"Haiti" 0.636363636363636 60.9 8.7 62.8 1669 380 42 3.5
"Rwanda" 0.909090909090909 86.4 10.3 64.2 1458 320 33.6 57.5
"Uganda" 0.683582089552239 75.8 9.8 58.5 1613 360 126.6 35
"Benin" 0.418518518518519 67.6 11.1 59.6 1767 340 90.2 8.4
"Sudan" 0.664835164835165 31.3 7 63.5 3809 360 84 23.8
"Senegal" 0.467532467532468 66 7.9 66.5 2188 320 94.4 42.7
"Afghanistan" 0.197986577181208 15.8 9.3 60.4 1885 400 86.8 27.6
"Côte d'Ivoire" 0.465116279069767 52.4 8.9 51.5 3171 720 130.3 9.2
"Malawi" 0.513888888888889 84.6 10.8 62.8 747 510 144.8 16.7
"Ethiopia" 0.428571428571429 78.2 8.5 64.1 1428 420 78.4 25.5
"Gambia" 0.552380952380952 72.2 8.8 60.2 1507 430 115.8 9.4
"Congo (Democratic Republic of the)" 0.395061728395062 70.7 9.8 58.7 680 730 135.3 8.2
"Liberia" 0.391857506361323 58.2 9.5 60.9 805 640 117.4 10.7
"Mali" 0.509933774834437 50.8 8.4 58 1583 550 175.6 9.5
"Mozambique" 0.225806451612903 85.5 9.3 55.1 1123 480 137.8 39.6
"Sierra Leone" 0.460829493087558 65.7 8.6 50.9 1780 1100 100.7 12.4
"Burkina Faso" 0.28125 77.1 7.8 58.7 1591 400 115.4 13.3
"Burundi" 0.63855421686747 83.3 10.1 56.7 758 740 30.3 34.9
"Chad" 0.171717171717172 64 7.4 51.6 2085 980 152 14.9
"Central African Republic" 0.378277153558052 72.6 7.2 50.7 581 880 98.3 12.5
"Niger" 0.307692307692308 40 5.4 61.4 908 630 204.8 13.3
